137          3.35          Afghanistan                      2009-07-08                                                32        32              99        5.33          2009-10-30                                                                             1         16
154          2.43          Albania                          2009-07-22                                                3         13                                                                                                                                        
99           6.04          Algeria                          2009-06-22                                      2         16        19              123       6.13          2009-11-30                                                                                       3
161          2.44          Andorra                          2009-06-29                                                1         1                                                                                                                                         
170          1.35          Anguilla                         2009-08-05                                                          1                                                                                                                                         
101          1.22          Antigua and Barbuda              2009-06-24                                      2         3         4                                                                                                                                         
28           5.03          Argentina                        2009-05-09                            100       1587      3056      5710            9         2.03          2009-06-15                                   26        165       465       538         593       613
122          1.24          Aruba                            2009-06-03                                                13        13                                                                                                                                        
29           4.02          Australia                        2009-05-09                            297       4090      22109     24949           11        4.01          2009-06-19                                   7         67        155       180         186       190
9            2.03          Austria                          2009-04-29                  1         1         15        153       192             100       3.24          2009-11-04                                                                                       3
163          2.46          Azerbaijan                       2009-07-31                                                2         2               108       3.3           2009-11-13                                                                                       2
59           1.11          Bahamas                          2009-06-01                            1         6         29        29              86        1.16          2009-10-16                                                                             4         4
48           3.12          Bahrain                          2009-05-27                            1         15        123       148             68        5.27          2009-09-02                                                       1         3           6         7
96           3.26          Bangladesh                       2009-06-22                                      1         30        32              72        5.28          2009-09-04                                                                 4           6         6
68           1.14          Barbados                         2009-06-05                                      10        23        39              81        1.14          2009-10-02                                                                 1           3         3
                           Belarus                                                                                                              102       3.26          2009-11-06                                                                                       20
34           2.16          Belgium                          2009-05-15                            12        707       1586      1586            40        3.04          2009-07-31                                             1         1         2           7         13
147          1.3           Belize                           2009-07-16                                                23        27                                                                                                                                        
80           1.18          Bermuda                          2009-06-17                                      1         4         8                                                                                                                                         
156          3.36          Bhutan                           2009-06-27                                                2         3                                                                                                                                         
56           5.09          Bolivia                          2009-06-01                            3         96        946       973             25        2.09          2009-07-19                                             9         19        54          56        58
124          2.39          Bosnia and Herzegovina           2009-06-03                                                2         10              114       3.33          2009-11-20                                                                                       1
145          6.16          Botswana                         2009-07-13                                                13        23                                                                                                                                        
25           5.02          Brazil                           2009-05-08                            20        680       1958      2959            15        2.04          2009-07-01                                   1         56        557       899         1368      1528
81           1.19          British Virgin Islands           2009-06-17                                      1         5         8                                                                                                                                         
97           3.27          Brunei                           2009-06-22                                      29        786       850             23        5.03          2009-07-08                                             1         1         1           1         1
65           2.26          Bulgaria                         2009-06-03                                                36        40              82        3.15          2009-10-02                                                                 1           2         5
107          3.28          Cambodia                         2009-06-24                                      6         17        24              80        5.29          2009-09-30                                                                 1           4         5
3            1.03          Canada                           2009-04-27                  34        1336      7983      10449     10449           3         1.03          2009-05-09                         2         25        59        72        78          95        309
100          6.05          Cape Verde                       2009-06-24                                      3         6         6                                                                                                                                         
72           1.15          Cayman Islands                   2009-06-08                                      13        60        88              37        1.11          2009-07-29                                             1         1         1           1         1
40           5.06          Chile                            2009-05-18                            250       6211      11860     12030           5         2.01          2009-06-05                                   12        87        130       132         136       148
12           3.02          China                            2009-05-01                  1         52        1518      6628      7931            26        5.04          2009-07-16                                             3         9         23          43        147
20           5.01          Colombia                         2009-05-04                            20        93        270       275             7         2.02          2009-06-11                                   2         17        35        91          131       160
135          4.09          Cook Islands                     2009-07-06                                                1         18              59        4.05          2009-08-19                                                       1         1           1         1
16           1.04          Costa Rica                       2009-05-02                            37        279       668       798             4         1.04          2009-05-10                         1         2         22        33        37          38        40
102          6.06          Cote d'Ivoire                    2009-06-24                                      2         2         2                                                                                                                                         
133          2.41          Croatia                          2009-07-06                                                55        69              101       3.25          2009-11-04                                                                                       11
33           1.08          Cuba                             2009-05-13                            4         46        234       264             84        1.15          2009-10-05                                                                             7         7
60           2.23          Cyprus                           2009-06-01                            1         48        297       297                                                                                                                                       
166          2.48          Cyprus UK bases                  2009-08-03                                                30        30                                                                                                                                        
53           2.21          Czech Republic                   2009-05-29                            1         9         116       162             97        3.22          2009-10-28                                                                             1         8
13           2.07          Denmark                          2009-05-01                  1         1         55        254       354             118       3.36          2009-11-23                                                                                       6
73           1.16          Dominica                         2009-06-08                                      1         1         1                                                                                                                                         
52           1.1           Dominican Republic               2009-05-29                            2         108       154       182             6         1.05          2009-06-08                                   2         5         8         21          22        22
35           5.04          Ecuador                          2009-05-16                            39        163       696       881             24        2.08          2009-07-10                                             18        40        60          75        82
66           6.01          Egypt                            2009-06-03                                      39        283       314             29        6.01          2009-07-20                                             1         1         2           4         21
19           1.05          El Salvador                      2009-05-04                            27        226       556       595             21        1.08          2009-07-08                                             9         17        19          22        27
61           2.24          Estonia                          2009-06-01                            1         13        42        50              122       3.39          2009-11-27                                                                                       1
104          6.08          Ethiopia                         2009-06-24                                      2         4         4                                                                                                                                         
169          5.14          Falkland Islands                 2009-08-05                                                          5                                                                                                                                         
155          4.13          Federated States of Micronesia   2009-07-22                                                1         1                                                                                                                                         
98           4.05          Fiji                             2009-06-22                                      2         97        97                                                                                                                                        
31           2.15          Finland                          2009-05-13                            3         26        189       189             98        3.23          2009-10-28                                                                             1         16
14           2.08          France                           2009-05-02                            24        277       719       880             43        3.05          2009-07-31                                             1         10        30          44        114
146          5.13          French Guiana                    2009-07-13                                                9         9                                                                                                                                         
82           4.03          French Polynesia                 2009-06-17                                      2         16        16                                                                                                                                        
165          6.2           Gabon                            2009-07-31                                                1         1                                                                                                                                         
152          2.42          Georgia                          2009-07-20                                                6         13                                                                                                                                        
8            2.04          Germany                          2009-04-29                  4         28        417       6800      9213            83        3.16          2009-10-02                                                                 1           5         60
175          6.21          Ghana                            2009-08-09                                                          2               54        6.03          2009-08-09                                                       1         1           1         1
41           2.17          Greece                           2009-05-20                            4         92        730       1002            64        3.09          2009-08-24                                                       1         3           3         12
160          1.33          Grenada                          2009-06-29                                                1         2                                                                                                                                         
128          1.26          Guadeloupe                       2009-07-06                                                2         2                                                                                                                                         
142          4.1           Guam                             2009-07-10                                                1         1                                                                                                                                         
22           1.06          Guatemala                        2009-05-06                            12        254       558       558             8         1.06          2009-06-12                                   2         10        12        13          18        18
111          2.35          Guernsey                         2009-06-26                                      5         18        18                                                                                                                                        
130          5.12          Guyana                           2009-07-06                                                5         8                                                                                                                                         
148          1.31          Haiti                            2009-07-16                                                3         5                                                                                                                                         
46           1.09          Honduras                         2009-05-25                            2         118       169       254             13        1.07          2009-06-26                                   1         4         8         15          16        16
62           2.25          Hungary                          2009-06-01                            1         10        99        115             33        3.03          2009-07-24                                             1         1         2           4         8
47           2.19          Iceland                          2009-05-25                            1         4         51        72              89        3.17          2009-10-21                                                                             1         2
38           3.06          India                            2009-05-17                            1         104       551       615             47        5.14          2009-08-04                                                       101       315         472       575
110          3.29          Indonesia                        2009-06-26                                      8         561       691             34        5.07          2009-07-27                                             1         8         10          10        10
112          3.3           Iran                             2009-06-26                                      1         105       144             65        5.25          2009-09-02                                                       2         4           22        140
113          3.31          Iraq                             2009-06-29                                      1         58        67              51        5.16          2009-08-09                                                       1         1           4         15
17           2.09          Ireland                          2009-04-30                            4         41        276       475             50        3.07          2009-08-09                                                       2         2           10        17
87           2.29          Isle of Man                      2009-06-17                                      1         11        11                                                                                                                                        
6            3.01          Israel                           2009-04-28                  2         19        506       1719      2000            39        5.1           2009-07-29                                             2         16        28          35        63
18           2.1           Italy                            2009-05-03                            29        123       975       1238            70        3.11          2009-09-04                                                                 3           4         95
57           1.12          Jamaica                          2009-06-01                            2         32        62        64              22        1.09          2009-07-08                                             3         4         4           5         6
26           3.04          Japan                            2009-05-09                            370       1266      5022      5022            57        5.2           2009-08-17                                             8         9         18          27        28
88           2.3           Jersey                           2009-06-17                                      8         37        55                                                                                                                                        
79           3.2           Jordan                           2009-06-17                                      20        79        99              85        5.3           2009-10-14                                                                             4         14
158          3.38          Kazakhstan                       2009-06-29                                                14        17                                                                                                                                        
121          6.1           Kenya                            2009-07-01                                      1         26        26                                                                                                                                        
174          4.16          Kiribati                         2009-08-09                                                          3                                                                                                                                         
162          2.45          Kosovo                           2009-06-29                                                1         2               109       3.31          2009-11-15                                                                                       7
45           3.11          Kuwait                           2009-05-25                            18        34        203       498             61        5.22          2009-08-21                                                       5         8           16        27
92           3.24          Laos                             2009-06-19                                      3         51        156             32        5.06          2009-07-22                                             1         1         1           1         1
105          2.32          Latvia                           2009-06-24                                      1         19        19              105       3.28          2009-11-11                                                                                       8
66           3.15          Lebanon                          2009-06-03                                      39        210       210             45        5.13          2009-07-30                                             1         1         2           3         3
136          6.12          Libya                            2009-07-06                                                9         9                                                                                                                                         
173          2.49          Liechtenstein                    2009-08-09                                                          5                                                                                                                                         
115          2.36          Lithuania                        2009-06-29                                      1         22        29              116       3.34          2009-11-20                                                                                       5
69           2.27          Luxembourg                       2009-06-05                                      4         61        87              77        3.13          2009-09-18                                                                 1           1         1
129          2.4           Macedonia                        2009-07-06                                                21        29              115       3.33          2009-11-20                                                                                       4
                           Madagascar                                                                                                           75        6.06          2009-09-11                                                                 1           1         1
37           3.07          Malaysia                         2009-05-17                            2         112       1446      1780            35        5.08          2009-07-29                                             7         72        77          77        77
157          3.37          Maldives                         2009-06-27                                                1         1               119       5.36          2009-11-23                                                                                       1
123          2.38          Malta                            2009-06-03                                                157       176             50        3.08          2009-08-19                                                       1         3           5         5
171          4.14          Marshall Islands                 2009-08-09                                                          27              67        4.06          2009-09-02                                                       1         1           1         1
83           1.2           Martinique                       2009-06-17                                      2         3         3                                                                                                                                         
117          6.09          Mauritius                        2009-07-01                                                2         6               52        6.03          2009-08-09                                                       7         8           8         8
1            1.01          Mexico                           2009-04-24        18        156       5029      8680      16442     17530           1         1.01          2009-04-27               9         97        116       146       193       231         354       656
164          2.47          Moldova                          2009-07-31                                                1         2               93        3.19          2009-10-26                                                                             1         12
116          2.37          Monaco                           2009-06-29                                                1         1                                                                                                                                         
                           Mongolia                                                                                                             95        5.31          2009-10-26                                                                             4         18
106          2.33          Montenegro                       2009-06-24                                      4         18        18                                                                                                                                        
77           6.02          Morocco                          2009-06-15                                      17        66        75              112       6.12          2009-11-18                                                                                       4
                           Mozambique                                                                                                           76        6.07          2009-09-16                                                                 2           2         2
120          3.33          Myanmar                          2009-07-01                                      1         10        15                                                                                                                                        
151          6.18          Namibia                          2009-07-20                                                4         7               74        6.05          2009-09-09                                                                 1           1         1
172          4.15          Nauru                            2009-08-09                                                          7                                                                                                                                         
114          3.32          Nepal                            2009-06-29                                      11        17        17                                                                                                                                        
10           2.05          Netherlands                      2009-04-30                  1         3         128       517       912             47        3.06          2009-08-05                                                       2         4           10        36
84           1.21          Netherlands Antilles             2009-06-17                                      14        19        19                                                                                                                                        
118          4.07          New Caledonia                    2009-07-01                                      6         112       112                                                                                                                                       
5            4.01          New Zealand                      2009-04-28                  4         9         711       2855      2935            18        4.02          2009-07-06                                             14        17        18          19        20
67           1.13          Nicaragua                        2009-06-03                                      293       432       510             55        1.13          2009-08-14                                                       4         11          11        11
30           2.14          Norway                           2009-05-11                            4         32        471       738             71        3.12          2009-09-04                                                                 11          13        25
91           3.23          Oman                             2009-06-19                                      3         123       125             63        5.24          2009-08-24                                                       10        21          24        27
168          3.39          Pakistan                         2009-08-03                                                1         1               113       5.35          2009-11-18                                                                                       1
125          4.08          Palau                            2009-06-03                                                1         13                                                                                                                                        
27           1.07          Panama                           2009-05-09                            107       417       588       600             30        1.1           2009-07-22                                             2         7         11          11        11
93           3.25          Papua New Guinea                 2009-06-19                                      1         1         5                                                                                                                                         
55           5.08          Paraguay                         2009-06-01                            5         205       223       244             19        2.06          2009-07-06                                             19        41        52          52        52
36           5.05          Peru                             2009-05-16                            36        538       4104      5304            20        2.07          2009-07-08                                             30        98        143         162       190
42           3.09          Philippines                      2009-05-22                            16        861       3207      3207            12        5.01          2009-06-24                                   1         8         8         28          30        30
24           2.13          Poland                           2009-05-07                            4         15        93        114             110       3.32          2009-11-15                                                                                       24
21           2.11          Portugal                         2009-05-04                            1         17        866       546             78        3.14          2009-09-25                                                                 2           4         21
127          1.25          Puerto Rico                      2009-07-06                                                18        18                                                                                                                                        
78           3.19          Qatar                            2009-06-17                                      10        43        43              44        5.12          2009-08-03                                             1         1         3           4         8
50           2.2           Romania                          2009-05-29                            3         28        178       216             120       3.37          2009-11-25                                                                                       3
43           2.18          Russia                           2009-05-23                            3         3         41        55              96        3.21          2009-10-28                                                                             5         19
138          6.13          Réunion                          2009-07-08                                                26        26                                                                                                                                        
149          1.32          Saint Kitts and Nevis            2009-07-16                                                3         4               38        1.12          2009-07-29                                             1         1         1           1         1
119          1.23          Saint Lucia                      2009-07-01                                      1         3         6               104       1.18          2009-11-11                                                                                       1
131          1.27          Saint Martin                     2009-07-06                                                1         1                                                                                                                                         
143          1.29          Saint Vincent and the Grenadines 2009-07-10                                                1         1                                                                                                                                         
85           4.04          Samoa                            2009-06-17                                      1         37        100             49        4.04          2009-08-09                                                       2         2           2         2
70           3.16          Saudi Arabia                     2009-06-05                                      81        595       595             36        5.09          2009-07-29                                             4         19        30          62        81
109          2.34          Serbia                           2009-06-26                                      12        115       120             91        3.18          2009-11-05                                                                             3         22
139          6.14          Seychelles                       2009-07-08                                                3         3                                                                                                                                         
49           3.13          Singapore                        2009-05-27                            5         701       1217      1217            28        5.05          2009-07-20                                             6         16        18          18        19
54           2.22          Slovakia                         2009-05-29                            2         13        58        78              106       3.29          2009-11-11                                                                                       1
95           2.31          Slovenia                         2009-06-22                                      4         136       174             121       3.38          2009-11-25                                                                                       7
153          4.12          Solomon Islands                  2009-07-22                                                2         3               79        4.07          2009-09-30                                                                 1           1         1
94           6.03          South Africa                     2009-06-19                                      1         480       700             44        6.02          2009-08-03                                             1         27        84          91        92
15           3.03          South Korea                      2009-05-02                            33        202       1466      1754            56        5.19          2009-08-17                                                       4         11          34        104
4            2.01          Spain                            2009-04-27                  13        178       717       1538      1538            17        3.02          2009-07-01                                   1         7         21        42          63        135
86           3.21          Sri Lanka                        2009-06-17                                      15        55        60              107       5.34          2009-11-11                                                                                       5
150          6.17          Sudan                            2009-07-17                                                2         2               90        6.09          2009-10-21                                                                             1         1
90           5.11          Suriname                         2009-06-19                                      11        14        18              73        2.11          2009-09-09                                                                 2           2         2
159          6.19          Swaziland                        2009-06-29                                                2         2                                                                                                                                         
23           2.12          Sweden                           2009-05-06                            4         69        526       574             69        3.1           2009-09-02                                                       1         2           2         15
11           2.06          Switzerland                      2009-04-30                  1         8         56        484       609             117       3.35          2009-11-20                                                                                       3
134          3.34          Syria                            2009-07-06                                                5         16              66        5.26          2009-09-02                                                       2         2           7         50
                           São Tomé and Príncipe                                                                                                92        6.1           2009-10-26                                                                             2         2
44           3.1           Taiwan                           2009-05-23                            12        61        1280      1280            42        5.11          2009-07-31                                             1         5         19          27        30
140          6.15          Tanzania                         2009-07-09                                                8         10              88        6.08          2009-10-16                                                                             1         1
32           3.05          Thailand                         2009-05-13                            2         1414      8879      10043           14        5.02          2009-07-01                                   3         65        130       165         182       187
144          4.11          Tonga                            2009-07-15                                                9         9               31        4.03          2009-07-22                                             1         1         1           1         1
71           1.17          Trinidad and Tobago              2009-06-08                                      53        97        106             87        1.17          2009-10-16                                                                             5         5
103          6.07          Tunisia                          2009-06-24                                      3         10        19              111       6.11          2009-11-18                                                                                       2
39           3.08          Turkey                           2009-05-17                            4         32        199       199             94        5.32          2009-10-26                                                                             3         195
167          1.34          Turks and Caicos Islands         2009-08-03                                                12        12                                                                                                                                        
132          1.28          US Virgin Islands                2009-07-06                                                1         1                                                                                                                                         
126          6.11          Uganda                           2009-06-03                                                9         9                                                                                                                                         
75           2.28          Ukraine                          2009-06-10                                      1         1         1               103       3.27          2009-11-06                                                                                       41
74           3.17          United Arab Emirates             2009-06-08                                      8         110       125             62        5.23          2009-08-21                                                       2         6           6         6
7            2.02          United Kingdom                   2009-04-28                  8         229       6538      11912     12470           10        3.01          2009-06-17                                   3         30        65        82          137       250
2            1.02          United States of America         2009-04-24        7         141       8975      27717     43771     43771           2         1.02          2009-04-30               1         15        127       353       556       593         1004      1265
51           5.07          Uruguay                          2009-05-29                            11        195       550       550             16        2.05          2009-07-01                                   1         22        32        33          33        33
108          4.06          Vanuatu                          2009-06-24                                      2         3         3                                                                                                                                         
58           5.1           Venezuela                        2009-06-01                            2         193       454       476             27        2.1           2009-07-20                                             2         24        83          95        114
63           3.14          Vietnam                          2009-06-01                            1         123       971       1115            48        5.15          2009-08-05                                                       2         16          36        44
76           3.18          West Bank and Gaza Strip         2009-06-15                                      13        104       81              53        5.18          2009-08-09                                                       1         1           1         9
89           3.22          Yemen                            2009-06-17                                      7         11        13              60        5.21          2009-08-19                                                       1         6           16        22